%Vec Object: press 2 MPI processes
%  type: mpi
press = [
1.2188699292149201e+00
2.1925057967282227e+00
1.5235510526949896e+00
1.7320069283926098e+00
9.9343698985254869e-01
4.1199152933702454e-01
1.1921964461982697e+00
3.5503256622170559e-01
8.6352005123033526e-01
9.1405450566018454e-01
9.0158447961260579e-01
7.7209339700442386e-02
6.6992766576481866e-01
3.5627089748946700e-01
1.4438596014462894e+00
1.7710195204494130e+00
3.1326705751773227e+00
3.0385431092005808e+00
3.2945061860474696e+00
3.0341226648000097e+00
2.5709564596798846e+00
2.6473205130338400e+00
5.1372840380401530e-01
3.2298767829888586e-01
2.7275422238764833e+00
1.0000000000000004e+00
5.0664539964073563e-01
3.4605397292393203e-01
9.2810983893675258e-02
7.2134663528038678e-01
2.0457776498148377e+00
1.7101849898848582e+00
2.6270132638555044e-03
1.8265367467438967e+00
8.8325222830035743e-01
2.1921854244842480e+00
2.8488400094317270e+00
1.0354182399560650e+00
1.5297989789344297e+00
2.5251460709043050e+00
2.3477573079936849e+00
1.2710362029460474e+00
1.9593268969725424e+00
1.3308606119488269e+00
7.5528286617976770e-01
9.3060011007340371e-01
9.1670567544217674e-01
7.9495762249608093e-01
1.0016462061322080e+00
2.9771708518123399e+00
2.5492440761506119e+00
2.9894421425094624e+00
3.0008055068725801e+00
1.9993754868627012e+00
1.3903303766054229e+00
2.5998756598212842e+00
2.5755159437269390e+00
1.7240017502360465e+00
1.2094781683967260e+00
2.4814773025177574e+00
1.4677998671292707e+00
7.6839219874480147e-01
3.4758468467827930e-01
3.9662698654474937e-01
1.6535583808380232e+00
2.0265414923946423e+00
8.0272795322806267e-01
1.6687270270638865e+00
5.8602302357458291e-01
1.5450050978543992e+00
];
