%Vec Object: vol 2 MPI processes
%  type: mpi
vol = [
1.6179810003346764e+00
1.6179810003346764e+00
1.6180000000000001e+00
1.7320069283926092e+00
1.6179810003346764e+00
1.6179810003346764e+00
1.7319849896381898e+00
1.6179810003346764e+00
1.6179810003346764e+00
1.7319849896381898e+00
1.6179810003346764e+00
1.6180000000000001e+00
1.7320069283926092e+00
1.6179810003346764e+00
1.7320069283926092e+00
1.6180000000000001e+00
1.6179810003346764e+00
1.6179810003346764e+00
1.6180000000000001e+00
1.7320069283926092e+00
1.6179810003346764e+00
1.7319849896381898e+00
1.7320069283926092e+00
1.6179810003346764e+00
1.6179810003346764e+00
8.7264133333333349e-01
8.7263350533333350e-01
8.7263350533333350e-01
8.7264133333333349e-01
8.7264133333333349e-01
8.7264133333333349e-01
8.7263350533333350e-01
8.7264133333333349e-01
8.7263350533333350e-01
8.7264133333333349e-01
1.6179810003346764e+00
1.7319849896381898e+00
1.6179810003346764e+00
1.7320069283926092e+00
1.6179810003346764e+00
1.7320069283926092e+00
1.6180000000000001e+00
1.6179810003346764e+00
1.7320069283926092e+00
1.6179810003346764e+00
1.6179810003346764e+00
1.7319849896381898e+00
1.6179810003346764e+00
1.7319849896381898e+00
1.6179810003346764e+00
1.7319849896381898e+00
1.6179810003346764e+00
1.7320069283926092e+00
1.6179810003346764e+00
1.7320069283926092e+00
1.6179810003346764e+00
1.7319849896381898e+00
1.6180000000000001e+00
1.7320069283926092e+00
1.7320069283926092e+00
8.7264133333333349e-01
8.7264133333333349e-01
8.7263350533333350e-01
8.7263350533333350e-01
8.7263350533333350e-01
8.7264133333333349e-01
8.7264133333333349e-01
8.7263350533333350e-01
8.7264133333333349e-01
8.7264133333333349e-01
];
