%Vec Object: x 2 MPI processes
%  type: mpi
x = [
9.0449412863899481e-01
9.0449412863899481e-01
1.1180234857849198e+00
1.4120052189310928e+00
3.4549049986210650e-01
5.5900362877688836e-01
8.7266666666666670e-01
-5.5900362877688836e-01
-3.4549049986210650e-01
-8.7266666666666670e-01
-9.0449412863899481e-01
0.0000000000000000e+00
-5.3931966952992294e-01
-5.5900362877688836e-01
5.5511151231257827e-17
-5.5511151231257827e-17
5.5900362877688836e-01
5.5900362877688836e-01
0.0000000000000000e+00
5.3931966952992294e-01
3.4549049986210650e-01
8.7266666666666670e-01
5.3931966952992294e-01
5.5900362877688836e-01
3.4549049986210650e-01
1.1180234857849196e+00
6.9097097020626430e-01
-6.9097097020626430e-01
-4.2703245625159486e-01
5.5511151231257827e-17
4.2703245625159486e-01
6.9097097020626430e-01
4.2703245625159486e-01
6.9097097020626430e-01
1.1180234857849196e+00
9.0449412863899481e-01
8.7266666666666670e-01
9.0449412863899481e-01
1.4120052189310928e+00
-3.4549049986210650e-01
5.5511151231257827e-17
-1.1180234857849198e+00
-9.0449412863899481e-01
-1.4120052189310928e+00
-3.4549049986210650e-01
-9.0449412863899481e-01
-8.7266666666666670e-01
3.4549049986210650e-01
8.7266666666666670e-01
-5.5900362877688836e-01
-8.7266666666666670e-01
-5.5900362877688836e-01
-5.3931966952992294e-01
-9.0449412863899481e-01
-1.4120052189310928e+00
-3.4549049986210650e-01
-8.7266666666666670e-01
-5.5511151231257827e-17
5.5511151231257827e-17
5.5511151231257827e-17
5.5511151231257827e-17
-1.1180234857849196e+00
-6.9097097020626430e-01
6.9097097020626430e-01
-6.9097097020626430e-01
-4.2703245625159486e-01
-1.1180234857849196e+00
-6.9097097020626430e-01
5.5511151231257827e-17
5.5511151231257827e-17
];
%Vec Object: y 2 MPI processes
%  type: mpi
y = [
-5.5900362877688825e-01
-5.5900362877688825e-01
0.0000000000000000e+00
-5.3931966952992305e-01
-9.0449412863899481e-01
-3.4549049986210645e-01
-8.7266666666666681e-01
-3.4549049986210645e-01
-9.0449412863899481e-01
-8.7266666666666681e-01
-5.5900362877688825e-01
-5.5511151231257827e-17
0.0000000000000000e+00
3.4549049986210645e-01
-1.4120052189310928e+00
-1.1180234857849198e+00
3.4549049986210645e-01
-3.4549049986210645e-01
-5.5511151231257827e-17
0.0000000000000000e+00
-9.0449412863899481e-01
-8.7266666666666681e-01
0.0000000000000000e+00
3.4549049986210645e-01
9.0449412863899481e-01
-4.2703245625159486e-01
-6.9097097020626430e-01
-6.9097097020626430e-01
-5.5511151231257827e-17
-1.1180234857849196e+00
-5.5511151231257827e-17
-6.9097097020626430e-01
-5.5511151231257827e-17
6.9097097020626430e-01
4.2703245625159486e-01
5.5900362877688825e-01
8.7266666666666681e-01
5.5900362877688825e-01
5.3931966952992305e-01
-9.0449412863899481e-01
-1.4120052189310928e+00
0.0000000000000000e+00
-5.5900362877688825e-01
-5.3931966952992305e-01
9.0449412863899481e-01
5.5900362877688825e-01
8.7266666666666681e-01
9.0449412863899481e-01
8.7266666666666681e-01
-3.4549049986210645e-01
-8.7266666666666681e-01
3.4549049986210645e-01
0.0000000000000000e+00
5.5900362877688825e-01
5.3931966952992305e-01
9.0449412863899481e-01
8.7266666666666681e-01
1.1180234857849198e+00
1.4120052189310928e+00
1.4120052189310928e+00
-1.1180234857849196e+00
-4.2703245625159486e-01
6.9097097020626430e-01
6.9097097020626430e-01
-6.9097097020626430e-01
-5.5511151231257827e-17
4.2703245625159486e-01
6.9097097020626430e-01
1.1180234857849196e+00
1.1180234857849196e+00
];
%Vec Object: z 2 MPI processes
%  type: mpi
z = [
-3.4549049986210650e-01
3.4549049986210650e-01
-5.5511151231257827e-17
5.5511151231257827e-17
-5.5900362877688825e-01
-9.0449412863899470e-01
-8.7266666666666670e-01
-9.0449412863899470e-01
-5.5900362877688825e-01
-8.7266666666666670e-01
-3.4549049986210650e-01
-1.1180234857849198e+00
-1.4120052189310925e+00
-9.0449412863899470e-01
-5.3931966952992305e-01
0.0000000000000000e+00
9.0449412863899470e-01
9.0449412863899470e-01
1.1180234857849198e+00
1.4120052189310925e+00
5.5900362877688825e-01
8.7266666666666670e-01
-1.4120052189310925e+00
-9.0449412863899470e-01
5.5900362877688825e-01
5.5511151231257827e-17
-6.9097097020626430e-01
-6.9097097020626430e-01
-1.1180234857849198e+00
-4.2703245625159486e-01
1.1180234857849198e+00
6.9097097020626430e-01
-1.1180234857849198e+00
6.9097097020626430e-01
5.5511151231257827e-17
3.4549049986210650e-01
8.7266666666666670e-01
-3.4549049986210650e-01
5.5511151231257827e-17
5.5900362877688825e-01
5.3931966952992305e-01
-5.5511151231257827e-17
3.4549049986210650e-01
5.5511151231257827e-17
-5.5900362877688825e-01
-3.4549049986210650e-01
-8.7266666666666670e-01
-5.5900362877688825e-01
-8.7266666666666670e-01
9.0449412863899470e-01
8.7266666666666670e-01
9.0449412863899470e-01
1.4120052189310925e+00
3.4549049986210650e-01
5.5511151231257827e-17
5.5900362877688825e-01
8.7266666666666670e-01
0.0000000000000000e+00
-5.3931966952992305e-01
5.3931966952992305e-01
4.2703245625159486e-01
5.5511151231257827e-17
-6.9097097020626430e-01
-6.9097097020626430e-01
6.9097097020626430e-01
1.1180234857849198e+00
5.5511151231257827e-17
6.9097097020626430e-01
-4.2703245625159486e-01
4.2703245625159486e-01
];
